{
 "cells": [
  {
   "cell_type": "markdown",
   "metadata": {},
   "source": [
    "## SVM Checker"
   ]
  },
  {
   "cell_type": "code",
   "execution_count": 1,
   "metadata": {
    "collapsed": true
   },
   "outputs": [],
   "source": [
    "%matplotlib inline\n",
    "import svm\n",
    "import numpy as np\n",
    "import matplotlib.pyplot as plt\n",
    "import matplotlib.cm as cm\n",
    "import itertools\n",
    "import scipy.ndimage as ndimage\n",
    "\n",
    "\n",
    "\n",
    "\n",
    "def example(num_samples=10, num_features=2, grid_size=200):\n",
    "    \n",
    "    samples = np.matrix(np.random.normal(size=num_samples * num_features)\n",
    "                        .reshape(num_samples, num_features))\n",
    "    \n",
    "    labels = 2 * (samples.sum(axis=1) > 0) - 1.0\n",
    "    \n",
    "    trainer = svm.SVMTrainer(svm.Kernel.gaussian(1))\n",
    "    \n",
    "    predictor = trainer.train(samples, labels)\n",
    "\n",
    "    plot(predictor, samples, labels, grid_size)\n",
    "\n",
    "\n",
    "def plot(predictor, X, y, grid_size):\n",
    "    \n",
    "    x_min, x_max = X[:, 0].min() - 1, X[:, 0].max() + 1\n",
    "    y_min, y_max = X[:, 1].min() - 1, X[:, 1].max() + 1\n",
    "    \n",
    "    xx, yy = np.meshgrid(\n",
    "        np.linspace(x_min, x_max, grid_size),\n",
    "        np.linspace(y_min, y_max, grid_size),\n",
    "        indexing='ij'\n",
    "    )\n",
    "    \n",
    "    flatten = lambda m: np.array(m).reshape(-1,)\n",
    "\n",
    "    result = []\n",
    "    \n",
    "    for (i, j) in itertools.product(range(grid_size), range(grid_size)):\n",
    "        point = np.array([xx[i, j], yy[i, j]]).reshape(1, 2)\n",
    "        result.append(predictor.predict(point))\n",
    "\n",
    "    Z = np.array(result).reshape(xx.shape)\n",
    "    \n",
    "    plt.contourf(\n",
    "        xx, yy, Z,\n",
    "        cmap=cm.Paired,\n",
    "        levels=[-0.01, 0.01],\n",
    "        extend='both',\n",
    "        alpha=0.8\n",
    "    )\n",
    "    \n",
    "    plt.scatter(\n",
    "        flatten(X[:, 0]),\n",
    "        flatten(X[:, 1]),\n",
    "        c=flatten(y),\n",
    "        cmap=cm.Paired\n",
    "    )\n",
    "    \n",
    "    plt.xlim(x_min, x_max)\n",
    "    plt.ylim(y_min, y_max)"
   ]
  },
  {
   "cell_type": "code",
   "execution_count": 2,
   "metadata": {
    "scrolled": true
   },
   "outputs": [
    {
     "name": "stdout",
     "output_type": "stream",
     "text": [
      "[[ 0.69001194  2.18687194]\n",
      " [ 1.49430705  0.60187947]\n",
      " [-1.15908052 -1.16720447]\n",
      " [ 0.41400316 -0.75009422]\n",
      " [ 1.09780166  1.58229258]\n",
      " [-0.60393047  1.93864501]\n",
      " [-0.3247083  -0.46595806]\n",
      " [ 1.74154176  0.61146827]\n",
      " [ 0.26552503 -0.09241052]\n",
      " [-1.21900998 -0.13141126]]\n",
      "k [[  1.00000000e+00   2.06068657e-01   6.52639432e-04   1.28942276e-02\n",
      "    7.66512458e-01   4.19810530e-01   1.77107746e-02   1.66325954e-01\n",
      "    6.80400465e-02   1.10050519e-02]\n",
      " [  2.06068657e-01   1.00000000e+00   6.18850474e-03   2.23701060e-01\n",
      "    5.71658669e-01   4.52853635e-02   1.08116393e-01   9.69855222e-01\n",
      "    3.69364281e-01   1.92565831e-02]\n",
      " [  6.52639432e-04   6.18850474e-03   1.00000000e+00   2.65992646e-01\n",
      "    1.78805720e-03   6.89301783e-03   5.52135516e-01   3.06213412e-03\n",
      "    2.03448676e-01   5.83780886e-01]\n",
      " [  1.28942276e-02   2.23701060e-01   2.65992646e-01   1.00000000e+00\n",
      "    5.21409685e-02   1.60386512e-02   7.31093445e-01   1.63964460e-01\n",
      "    7.96684287e-01   2.17675409e-01]\n",
      " [  7.66512458e-01   5.71658669e-01   1.78805720e-03   5.21409685e-02\n",
      "    1.00000000e+00   2.20592174e-01   4.46262671e-02   5.07402565e-01\n",
      "    1.74007404e-01   1.57297962e-02]\n",
      " [  4.19810530e-01   4.52853635e-02   6.89301783e-03   1.60386512e-02\n",
      "    2.20592174e-01   1.00000000e+00   5.33948773e-02   2.64812315e-02\n",
      "    8.71112088e-02   9.71277771e-02]\n",
      " [  1.77107746e-02   1.08116393e-01   5.52135516e-01   7.31093445e-01\n",
      "    4.46262671e-02   5.33948773e-02   1.00000000e+00   6.61971133e-02\n",
      "    7.83521654e-01   6.33909850e-01]\n",
      " [  1.66325954e-01   9.69855222e-01   3.06213412e-03   1.63964460e-01\n",
      "    5.07402565e-01   2.64812315e-02   6.61971133e-02   1.00000000e+00\n",
      "    2.62623096e-01   9.48192124e-03]\n",
      " [  6.80400465e-02   3.69364281e-01   2.03448676e-01   7.96684287e-01\n",
      "    1.74007404e-01   8.71112088e-02   7.83521654e-01   2.62623096e-01\n",
      "    1.00000000e+00   3.31979308e-01]\n",
      " [  1.10050519e-02   1.92565831e-02   5.83780886e-01   2.17675409e-01\n",
      "    1.57297962e-02   9.71277771e-02   6.33909850e-01   9.48192124e-03\n",
      "    3.31979308e-01   1.00000000e+00]]\n",
      "     pcost       dcost       gap    pres   dres\n",
      " 0: -3.0462e+00 -8.4257e+00  5e+00  4e-16  2e+00\n",
      " 1: -4.5123e+00 -5.7804e+00  1e+00  4e-16  7e-01\n",
      " 2: -7.3693e+00 -8.4527e+00  1e+00  1e-15  1e-01\n",
      " 3: -7.4887e+00 -7.5849e+00  1e-01  3e-15  1e-02\n",
      " 4: -7.5015e+00 -7.5044e+00  3e-03  2e-15  1e-04\n",
      " 5: -7.5022e+00 -7.5025e+00  2e-04  2e-15  1e-06\n",
      " 6: -7.5023e+00 -7.5023e+00  2e-05  1e-15  5e-16\n",
      " 7: -7.5023e+00 -7.5023e+00  3e-07  9e-16  3e-16\n",
      "Optimal solution found.\n"
     ]
    },
    {
     "data": {
      "image/png": "iVBORw0KGgoAAAANSUhEUgAAAXYAAAD8CAYAAABjAo9vAAAABHNCSVQICAgIfAhkiAAAAAlwSFlz\nAAALEgAACxIB0t1+/AAAADl0RVh0U29mdHdhcmUAbWF0cGxvdGxpYiB2ZXJzaW9uIDIuMS4wLCBo\ndHRwOi8vbWF0cGxvdGxpYi5vcmcvpW3flQAAEY1JREFUeJzt3V2IXPd5x/Hfc8687ZtWkiVZtqXY\nSRObGlHXRbgNuWhwfOEE05AEQ3wRSlIQiAYayEVTfFF605tCoCUhZcFuGjAJKYpJyAuuAy0mkLhR\njRvsKA7G4FjYsiJL2lftvJx5erEjaXc1Mzu7c2bOOf/5fmBB87LnPBzt/ua/z/mf/zF3FwAgHFHW\nBQAA0kWwA0BgCHYACAzBDgCBIdgBIDAEOwAEhmAHgMAQ7AAQGIIdAAJTymKn89NVPzo/ncWuAaCw\nfnvh6iV3P7zT+zIJ9qPz01r4wsey2DUAFNZH//HMm4O8j1YMAASGYAeAwAwd7GZWM7P/MbP/M7NX\nzewf0igMALA3afTY65IedvcVMytL+pmZ/cTdf5HCtgEAuzR0sPvGgu4rnYflzheLvANARlLpsZtZ\nbGYvS7oo6Xl3fzGN7QIAdi+VYHf3xN3/WNIxSQ+Z2Ynt7zGzU2Z21szOLq7V09gtAKCLVGfFuPtV\nSf8t6dEury24+0l3Pzk/XU1ztwCATdKYFXPYzPZ3/j0l6RFJvxl2uwCAvUljVswdkv7dzGJtfFB8\n191/mMJ2AQB7kMasmF9JejCFWgAAKeDKUwAIDMEOAIEh2AEgMAQ7AASGYAeAwBDsABAYgh0AAkOw\nA0BgCHYACAzBDgCBIdgBIDAEOwAEhmAHgMAQ7AAQGIIdAAJDsANAYAh2AAgMwQ4AgSHYASAwBDsA\nBIZgB4DAEOwAEBiCHQACQ7ADQGBKWRcATKp20lJzdVHtVkul2oxKUzMys6zLQgAIdiADrfU1rV54\nU5JL7mosXVZcrWnm6N0y4w9pDIefIGDM3F1rF9+SvC25d55sK6lfU2PpSrbFIQgEOzBm7WZd3k5u\nfcFdjZWr4y8IwSHYASAwBDswZlG5Kou7nN4yU2XuwPgLQnAIdmDMzEwzR45LUSRdP1FqplJtlmBH\nKpgVA2Qgrk5p3/H71FxdkrdbiqvTiqtTTHdEKoYOdjM7Lulbko5KaktacPd/Hna7QOgsilSZ2591\nGQhQGiP2lqQvu/tLZjYn6X/N7Hl3/3UK2wYA7NLQwe7u70h6p/PvZTM7J+kuSQR7ANqtpppryzJJ\npZl9irqd9AOQK6n+lprZPZIelPRimttFNuqLl7R+5eLNJy5f0NRtd9I+AHIutVkxZjYr6YykL7n7\nUpfXT5nZWTM7u7hWT2u3GJGkUd8IdfctX9fee1vtpJV1eQD6SCXYzaysjVB/xt2/1+097r7g7ifd\n/eT8dDWN3WKEmquLNy9336a1esvnNoAcGTrYbWN+1lOSzrn7V4cvCXngPUJdkly9XwOQvTRG7B+R\n9DlJD5vZy52vT6SwXWSoMrNP6jGnujw9N+ZqAOxGGrNifiaJqyoCE1enVJk7qMby5ZstGTNVDxxR\nVKpkWxyAvpi7hp6mbjuqyuy8GqtLMjOVZ/YprtSyLgvADgh29BVXpzRVncq6DAC7wCJgABAYgh0A\nAkOwA0BgCHYACAzBDgCBIdgBIDBMdwQmQNKo69p77yhZX5MiU2XuoGoHDsuMsV2ICHYgcO1WUytv\nvyF5u/OEq7H0ntrNumZuf1+2xWEk+LgGAldfunwz1K9zV+vaitrNRjZFYaQIdiBwSf1aj1dMSZN7\nI4SIYAcC13t9H1dUZkG3EBHsQOCq8wel7SdJzVSqTSsuc9ObEBHsQOCiUkWzd9yjuNJZzM1Mldn9\nmj7CidNQMSsGmABxdUqzd33gxp2xrMdNVBAGgh2YIAT6ZKAVAwCBIdgBIDAEOwAEhmAHgMAQ7AAQ\nmGyCvd1UsnJBycqFTHYPACHLJNj98B+oefqMJN0I+M1fAIC9y3Qe+/Vw36z8jc9sCfd49ug4SwKA\nwsvdBUqbw357yEsEPQDsJHfBvtn2ET2jeQDYWa6Dfbt+o3lCHgA2FCrYNyPkAaC7wgb7Zr1CnoAH\nMImCu0CpefrMlqmUADBpggv263rNkweA0KXSijGzpyU9Jumiu59IY5tpYFYNgEmUVo/9m5K+Julb\nKW1vJLr14gl3AKFJpRXj7i9IupzGtsalW6tGa+9mXBUADG9ss2LM7JSkU5J05M5j49ptX7csafCN\nz0iM4gEU3NhOnrr7grufdPeT8wcOjmu3u9J1FA8ABRPEPPY0MSceQNER7H1cD3lm0wAokrSmO35b\n0kclHTKz85L+3t2fSmPbecAoHkCRpBLs7v5EGtspgu2jeMIdQN4Ee+XpqHGiFUBe0WMfAi0aAHnE\niD0lLD4GIC8I9pRtb9EAwLgR7CPA6B1Algj2EWqePqM/efwxlg4GMFacPB2xFw99Xjr9+RuPmSaJ\nSeDtttpJU1FckkXxrr+/3WqqsbIoT1oqTc2oNDUrMxtBpWEi2MesefoMM2gQLHdX/eol1Rd/L8kk\nucqz+zV12x0DB3Pr2opW3/2d5JLkaixfUVytaebo3TKjyTAIjlIG6MEjVI3lqxuh7i55W3JXc+Wq\n1i8PtiS2u2vt4vmN799IdsnbSurX1Fi+OrrCA0OwZ4gZNAhNffFSJ5Q3cVdj+bJ8+/NdJI317u/r\nfEBgMAR7xhi9IySetHq80BnB76B/s4Ye+6AI9pxg9I4QxNVa1+ctLkkD9MejSk0WdXmfmSr7Dgxb\n3sQg2HNk++idkEfRTB08Km0/SWqm2sGjA508NTPN3P4+KYo6HwQmmak8vU/lmfnRFB0gZsXkEGvQ\noKji6pRm7/yA1q9cVFJfV1SuqLb/sEpTM7vaxr7j96m5tiRPEpVq04qrUyOsOjwEe86xTDCKJq7U\nNkbdQ7AoUmV2f0oVTR5aMQVBDx7AoAj2AmEGDYBBEOwFxOgdQD8Ee0ExegfQC8FecIzeAWzHrJgA\nbJ85cx0zaIDJRLAHhPnvACRaMcGiBw9MLoI9cPTggclDsE8ARu/AZKHHPkGap8/oTy/9myTppf/4\n4Y3n6cEDYSHYJ8yLhzr3X+3ch5U1aIDw0IqZcPTggfAQ7KAHDwSGYMcN3OQDCAM9dmzBRU5A8aUy\nYjezR83sNTN73cy+ksY2kT1aNEAxDR3sZhZL+rqkj0u6X9ITZnb/sNtFfnRr0RD0QH6l0Yp5SNLr\n7v6GJJnZdyR9UtKvU9g2cmJzi0ZimiSQZ2m0Yu6S9Namx+c7zyFgnGgF8iuNEbt1ec5veZPZKUmn\nJOnIncdS2C2y1utE63VFGs231le1/t4FJY26LC6puv+QKnMHZNbtxxvItzSC/byk45seH5P09vY3\nufuCpAVJuvfEA7cE/6Rxd7XarrZLcWQqRcUOkCK3alr1Na1eeFPyjR9LT5pav3xBniSqHTiccXXA\n7qXRivmlpA+Z2fvNrCLps5J+kMJ2g9V211K9peVGotVmoqV6S0v1ltzD+bwr0hWt61cu3gj1G9xV\nX7wk93Y2RQFDGHrE7u4tM/uipOckxZKedvdXh64sYKuNRMm2HGm1XdeaiaYr4VxaUJQ7O7Ub9R6v\nuLzVkpUrY60HGFYqKeLuP5b04zS2FTp3V7PdfWReT1zTY65nHPr14vMQ8lGpoiRpdX3N4nA+aDE5\n+KnNkXAaMb3l8crW2oEjWn33za3tGDNV9h2URay6geLhp3bMzExxj5kWlbjYJ1B3a/uVrVn140tT\nM5o+clxWKm88YZGq84dUO3D72GsB0sCIPQMzlVjL9daWEbpJmi7HWZWUqTy0asrTcypPz3VOlhrT\nHFFoBHsGSpFpvlZSvdVW4q7YTNVSpIgw2XFuvDTasDfjj1gUH8GekchMUxM6Qh/U9rnxUj5PvgJ5\nQ7CjUEK62hUYFYIdhdXratfNCHpMIoIdwSDogQ0EO4JV5PVrgGEwBQATo9cNQ/K+lg2wW4zYMRZt\nd603EzXarshMtVKkcjT++eKDzLTZjhE+ioZgx8i5u5bWW7q+TmLbXSuNRLVSlIuLsrqF/XVZzKUH\nhkWwY+TWW211W/x2vdVWLecXZu12hE/gIw8Idoxcr9UspY3liou2Rk6vEf5OLR2J4Md4EOwYuX43\nh8rzaH23+rV0pMGCXyL8MTyCHSNXK8VqdFnvPLaNr0mxU/BLg4f/dXwIFMjau0r6/PWaJoIdI1eK\nTDPlSGvN9o0VLWMzzVVjVlHcZpDwv263HwI7meQPiXFNed3N/29X/zLY/xHBjrGolmJV4kiJbyxR\nHBf85t15MHRIbJL2h0QRpXk8s0awY2zMTCXyPJdCCjVw5SkABIdgB4DAEOzALrXd1UzaY5vhAOwW\nPXZgQO6ua6221ls3r6MtRabZShzUfHwUHyN2YECNxLeEurRx5exqI8moIqA7gh0Y0Hqre4A32662\n05ZBfhDswID6RTe5jjwh2IEBlXpcVGXqvx4OMG4EOzCg6XKsbvk9XY5YGgG5wqwYYECRmeZrJa03\nEzU7d4KaKkcqRYyPkC8EO7ALkZmmK/zaIN8YagBAYAh2AAjMUMFuZo+b2atm1jazk2kVBQDYu2FH\n7K9I+rSkF1KoBQCQgqHOArn7OUlM9QKAHBlbj93MTpnZWTM7u3jl8rh2CwATZ8cRu5n9VFK3G+09\n6e7fH3RH7r4gaUGS7j3xABdgA8CI7Bjs7v7IOAoBAKSDKy1yJGm7EnfFZtzsGcCeDTvd8VNmdl7S\nhyX9yMyeS6esyeLuWqq3tFhvaaWRaLHe0nK9JWfJQAB7MOysmGclPZtSLRNrrZmote02a82261oz\n4fJ1ALvGlacZc3fVk+4j817PA0A/BHuOEesA9oJgz5iZKe5xgVevGzsAQD8Eew7MVOJbnjNJM+Vb\nnweAnXBmLgdKkWm+WlK9lajlUsmkWjlWxFINAPaAYM+JOOIGDgDSQSsGAAJDsANAYAh2AAgMwQ4A\ngSHYASAwBDsABIZgB4DAEOwAEBiCHQACQ7ADQGAIdgAIDMEOAIEh2AEgMAQ7AASGYAeAwBDsABAY\ngh0AAkOwA0BgCHYACAzBDgCBIdgBIDAEOwAEhmAHgMAQ7AAQGIIdAAIzVLCb2T+Z2W/M7Fdm9qyZ\n7U+rMADA3gw7Yn9e0gl3/yNJv5X0d8OXBAAYxlDB7u7/6e6tzsNfSDo2fEkAgGGk2WP/gqSfpLg9\nAMAelHZ6g5n9VNLRLi896e7f77znSUktSc/02c4pSack6cidDOwBYFR2DHZ3f6Tf62b2l5Iek/Qx\nd/c+21mQtCBJ9554oOf7AADD2THY+zGzRyX9raQ/d/e1dEoCAAxj2B771yTNSXrezF42s39NoSYA\nwBCGGrG7+wfTKgQAkA6uPAWAwBDsABAY6zORZXQ7Nfu9pDf3+O2HJF1KsZwi41hsxfG4iWOxVSjH\n4253P7zTmzIJ9mGY2Vl3P5l1HXnAsdiK43ETx2KrSTsetGIAIDAEOwAEpojBvpB1ATnCsdiK43ET\nx2KriToeheuxAwD6K+KIHQDQR+GCnbs2bWVmj5vZq2bWNrOJOeu/mZk9amavmdnrZvaVrOvJkpk9\nbWYXzeyVrGvJmpkdN7P/MrNznd+Rv8m6pnEpXLCLuzZt94qkT0t6IetCsmBmsaSvS/q4pPslPWFm\n92dbVaa+KenRrIvIiZakL7v7H0r6M0l/PSk/G4ULdu7atJW7n3P317KuI0MPSXrd3d9w94ak70j6\nZMY1ZcbdX5B0Oes68sDd33H3lzr/XpZ0TtJd2VY1HoUL9m24axPukvTWpsfnNSG/vBicmd0j6UFJ\nL2ZbyXgMtbrjqKR116ZQDHI8Jph1eY6pXrjBzGYlnZH0JXdfyrqecchlsKd116ZQ7HQ8Jtx5Scc3\nPT4m6e2MakHOmFlZG6H+jLt/L+t6xqVwrZhNd236C+7aBEm/lPQhM3u/mVUkfVbSDzKuCTlgZibp\nKUnn3P2rWdczToULdnHXpi3M7FNmdl7ShyX9yMyey7qmceqcSP+ipOe0cXLsu+7+arZVZcfMvi3p\n55LuM7PzZvZXWdeUoY9I+pykhztZ8bKZfSLrosaBK08BIDBFHLEDAPog2AEgMAQ7AASGYAeAwBDs\nABAYgh0AAkOwA0BgCHYACMz/A3jBU3ZL1211AAAAAElFTkSuQmCC\n",
      "text/plain": [
       "<matplotlib.figure.Figure at 0x7fe5e851f2e8>"
      ]
     },
     "metadata": {},
     "output_type": "display_data"
    }
   ],
   "source": [
    "example()"
   ]
  },
  {
   "cell_type": "code",
   "execution_count": null,
   "metadata": {
    "collapsed": true
   },
   "outputs": [],
   "source": []
  }
 ],
 "metadata": {
  "kernelspec": {
   "display_name": "Python 3",
   "language": "python",
   "name": "python3"
  },
  "language_info": {
   "codemirror_mode": {
    "name": "ipython",
    "version": 3
   },
   "file_extension": ".py",
   "mimetype": "text/x-python",
   "name": "python",
   "nbconvert_exporter": "python",
   "pygments_lexer": "ipython3",
   "version": "3.6.3"
  }
 },
 "nbformat": 4,
 "nbformat_minor": 2
}
